111111111111111111111111111111111111111111111111111111111111111111111111111111111111111111111111111
101011011001110010001001000010100101011010001101011001111110000111100001010010110110000110110000001
110101000000101001110001000010001010001001010010100011011010101000111001000001110000000010111100001
110000000001010010011011000100101000000000100000000000000000000000001000000000000000101000000010111
101010000000000000000100001000000000000000000000100000000001100000000010100000000000100000101001011
110000000000000000100100000000010100000000000100000000011000000000100000000100001000000000010001011
101000000000000010000001000010000000000000000100001001000110000000000000000100000000001000000010001
110000000000000100000000000001010001100100001000100101000000010100000000011000000001000100000100011
100000000111100000000010000000100010000000100000000000000000010000000000000001000100001100000100011
110000001000000000000000000001000000000000001000000000101000001100000000000100000010010000001000001
100010000010000001001000000000010101010010000010000000010001110000000000100000100000000000000011011
111000100000000001100000000000000000000010000000000010000100000000000101000000010000000001000000001
100000100000000010000100100000000000100000000000011000000000000010000100100000000110000000001100111
100010010000010100000001000000000000001001000001000001010001000000000000000000001000000000001000001
110011000000000000001000000100000000000000000101000000100000100000000010010000110000000000010000011
111000000001000000000010000000100000100010010000000000000000010000001001000000000000100001000000001
100000000110000000000001110000000000000001001000001000000000000000000000001010000010000000000000101
111000000000010000000000000000001000000000000000100000000000100001000000000001100001010100100010011
110000000100000000000010000001100001001000010000000100000100001000010001000000000000000100000101101
111000000010000011001100010001000010000000000000010000000000000001000100001000000000001100000000101
101000011000000001010000000001000000010000000000001000100010000000100000000100001000000011000010001
100010100000000000100000000000000000010000000001010000001000000000001100000000000000100000000000011
110000100000000000000000000100100000000000111010000001000000000000000001000000000001000000000000011
101000000000111000000000000001010000000101000000000010100000000000000010000100000001000000000001011
100100000001000010000001011000000100010000000100000000000011001000001000000000010000100000001000001
100000100000000100000000001010010100000000100000000100010000000010000000000110000000100000010000001
100000000100000000001000000000000000001000000000000000000000011100000000000010000011000000010000101
100100000001000000010000100000000000001000000000100000010000000000000000010001000010000000110010011
101000000001100000000000000000100010100010000000010010000000000000010010000000000000011000000100001
100101000000100000000000000100000000000000001000000010111000000100000000100001001000000000000000001
100010000001000000000000010011000001000010000010000000000000100010000001000000000100001001000001001
100000001001000000000010010000000000000000001100000001000100010000001000000001000000000100000001111
111000100100000000010000001000000000000100110000000000000000100000000010001000101000000000000010101
101000000010000001100000000000000101001000000001000001000000000000101000000000011000000100000001001
100100000010000000000010000000000001000000001000000000000100000000000100010000001000001000100000001
110000000000000110000000000000010000000000000100001100000000000011000010000001000000000001000100001
111100001000000000100010100000011000000000000000100000000000001001000000000000100000000010001010011
100000010000000000000000001000001000000000000000000000000001000100000000001000000010000000000000111
100010000000000000100010000000000000001000000000000000000000100000000000010010000000000100000000011
110000000000000100000001000000100000010000000000000000010000000000000100000000001000000010000101011
100000010000010000000000001000000010000000000000000000000010000000010000000000000001100000000000001
100000000000010000000010000000010100000001000000000000000000000000100000001000000000000100000000101
101000000100000001000100000001000000000000000000000000000000010000001000000000000111000000000100101
100000100000000010000001000000010000000000000000000000000000000010000010000000000001100000000000111
100100100000001000001000000010001000100000000000000000000000010000100000000000000010000000100000001
101000000001000000100000100000100000000000000000000000000000000000010000000010001000000000100010011
100000000001000001000000000100000000000000000000000000000000010000000000000000000100000000000000001
111000100000000000001000000000000000000001000000000000000000000000001101000000000000100000100000001
110001000000100000000001000001000000000000000000000000000000000100000000001000000000000000100000111
100100000000100000000000001010000000000000000000000000000000000000011010000000000010000010100000011
100000010000000100000000000100000000000000000000000000000000000000100000010000001000000100010000011
110001100000011000000000100001000000000000000000000000000000010000000000000101000000000100000000011
100101000000000000000001000001000000000010000000000000000001000000000000010000000100000000010010001
101000000000000000000110000000100000000000000000000000000000000000100000000100000001000001000000011
101010000001000010000000000000110000000000000000000000000000010000000000000001000000000000000000011
100000100000000100000000010000100000000100000000000000000000100001010000000000000001100000000001001
100001000100010000000000000000000100000000000000000000000000000000100100000000000001000000100000111
101000010000000000000101000000010000000000000000000000000000000001000001000000001000000000100000011
100000001001000100000000001000000000001000000000000000000000000110000001000000000110010000000000001
110000000000000001100000100100010000001000000100000000000001000000000000100000000000011100000001001
110000110000000001000000000001000100000010000010000000000000010000000000010100000100000000000000111
100101001000000010100000010000000001000000000000010000000000000001000001000000010001000000000001001
100100000010000001000000000000000010000001000000000000001001000100000010010001000000000101000000011
100000000000011000001000000010110100000000000000000100100000000000000000101000100000000000000010011
110000000100000010000000001000000001000000101000000000000010011000000001100100000010000000000100011
111000000000100000001010000000000000010000000010000010000101100000000000000010000010000010000000001
100000000010000000010000000000000000100000010000000000010110000000000000000110010100000000100000111
110001000000000100010000000000000011000000010000000000110000001000001000010001000001000000000011001
101010000010000000001000100001010000000000000000101000100010000000010000000000101000000000000100001
110000000000100001000000000010000000100000000001000001000000010000000010000000010000000100000000011
110000100010010000001000000000000000010000000000100001000000000010000000001000000010000100100000001
110000000100000100001100000000000000011000000000000000101000000001000000000000000000100000010000001
110001000000010000000001000000001010000100000000010000000001100010000000100001000000000000001101001
101001010000010000000000010000000000010001100000000100000000010000100000000000000011000000010000001
111000000001000000100000001000000000001001001100001010010000000000001000000000001100100000000001001
111000010000000110000001000100000000000010000001010000000000000000000001000010000000000001100000111
110000001000000000000100000100000000000000000001000000000000000000010000000000100001100000000000011
100000010000000000100000000000100000000000000000100000000000000000000100001000001000000010100100001
100000001000000000010100000011000000100000001001000000000000100011001000000000000000010000000101011
110001000100000000000000000000100000000000010000000010000010000100000000010001000000010000010000011
101010000000100000000010000000001100001000000000000000100100000111000000000000000100101000000000101
110000000010000001000000100000000011000110000010001001001000000000000001101000000000011000001000101
100010000000001000000000000000100000000000000100000000000000000000000100010000000010000000000110011
101000110000100100000000000000000010001001100000000100001000010000001000001000000000000000000000011
100110000000010000000000010000000000000000000000001000000000010000000010000000010100000000010000001
100010000000001001001100000000000000000000001000000000010000000001000000000000010000000110000010101
100000000110000010100000000000000010000100000000000000000100000001000000000100110000000000100010101
101000100100000011000000000000001100000000000110000000000000001000100000000001000000010000000000001
100100000000000000010001000000010001000001000000010000000000000000000000100010000000000000000000011
100001001000001000000010000000000000110000001000000110100111100100000001000010000000000000010001011
110000000100100000000000000000000100001010010000000001001000000000000000000000000100010000000100111
100011000001000010010010100000011000000000000001100000000000000011001000000000010000100000000000101
111000000001000000000000011001000000000001001000000000000010010000000000000001000000010000000100001
111000000000010000001000000100100010000000000100000000010001100100000110000000000101000000000111001
101110100000000000000000000010000000011000000000000000000000000011110010000000000010000010011100001
100111010000000100000100000100000100000001000000000001001000000011100101000000100000010000000010001
110100001010001011100000100000000111111000000001111000001101001000000000100001111000100000101001001
111000110001101000101000011011101100110111100100100110101010001000110000010000101111000011011010101
111111111111111111111111111111111111111111111111111111111111111111111111111111111111111111111111111
