0	0	0	0	0	0	0	0	0	0	0	0	0	0	0	0	0	0	0	0	0	0	0	0	0	0	0	0	0	0	0	0	0	0	0	0	0	0	0	0	0	0	0	0	0	0	0	0	0	0	0	0	0	0	0	0	0	0	0	0	0	0	0	0	0	0	0	0	0	0	0	0	0	0	0	0	0	0	0	0	0	0	0	0	0	0	0	0	0	0	0	0	0	0	0	0	0	0	0
0	1	36	1	4	36	1	2	1	90	2	16	18	4	1	12	4	2	10	1	6	1	1	20	1	1100	1	1	9	2	1	30	8	1	4	1	66	3	4	1	18	1	6	1	528	1	16	8	1	2	3	1	4	24	4	48	22	1	10	156	1	1	9	1	1	6	8	1	8	3	6	1	4	125	1	1	1	8	8	1	4	1	2	5	2	1	288	16	1	1	1	8	4	3	1	1	32	1	0
0	1	1	126	1	4	12	1	24	1	2	3	1	1	336	1	2	1	3456	2	4	8	4	1	24	1	480	3	1	1	32	10	2	1	2	2	864	4	1	4	1	10	60	3	10	1	4	30	4	20	2	220	1	6	1	1	75	2	1	9	4	4	44	4	6	132	3	2	1	16	1	8	1	4	4	2	440	1	8	6	1440	48	6	1	168	18	4	1	96	2	224	1	6	2	1	36	2	3	0
0	1	1	1	48	1	4	2	4	6	6	2	1	234	4	1	24	4	1	9	960	2	12	12	4	1	6	144	1	84	1	1	36	3	3	3	35	3	18	1	1	25	1764	4	1	90	1	1	3	1	35	1	4	12	2	32	1	210	2	4	1	2	5	84	1	330	12	1	4	6	2	12	140	2	3	12	1	450	3	1	1	56	1	540	1	4	1	8	60	3	2	144	1	120	3	3	1	1	0
0	1	1	6	1	20	80	12	2	1	96	60	3	2	1	12	4480	1	2	1	3	1	1	280	1	18	1	1	60	2	2	372	112	4	8	4	576	2	1	1	24	6	1	1	24	1	120	1	336	1	6	4	168	1	12	1	4	1	72	1	8	4	1120	5	1	1	1	1	5	42	1792	1	4	1	12	1	8	2	32	2	24	1	2	3	16	1	144	1	1	1	1	10	240	3	256	30	4	1	0
0	1	1	6	16	25	4	2	28	2	90	1	4	6	6	4200	2	5	18	1	4	2	42	4	12	24	6	1	560	225	1	4	9	1	2	60	2	1	720	30	1	1	8	50	1	12	2	1	25	1	3	2	1	900	12	8	1	12	1	384	1	8	1	32	40	1	32	10	480	1	1	2835	12	6	2	4	12	1	300	40	1	2	9	200	1	1170	30	12	8	1	216	1	2	1	1	1	100	3	0
0	72	1	1	3	40	1	1	3	400	6	1	1	1248	1	60	1	8	1	6	45	240	12	2	1	3	112	9	2	1	24	1	2	28	1	4	1	144	1	2	480	2	24	1	4	18	1	8	288	1	1	18	4	1	108	1	4	72	110	1	32	6	2	1	3	9	1	1	24	660	4	3	60	1050	3	1	1	72	1	2	336	4	6	1	4	6	1	168	1	48	1	540	1	2	12	2	50	12	0
0	1	420	2	4	2	1	20	3	1	1	18	600	1	5390	4	18	1	1	875	2	1	6	1	70	8	2	1	4	16	1680	42	1	70	252	1	36	1	8	2	36	2	1	18	60	1	36	1	2	25	2100	1974	1	12	6	54	30	1	10	1	2	2	1	32	72	4	224	42	1	6	80	1	2	1	168	21	616	1	8	56	6	1	252	4	1	12	1	1232	16	1	2	2	12	240	20	1	4	1	0
0	2	8	1	8	160	3	4	1	4	6	1	2	936	6	1	18	168	24	2	8	1	4	1	7	72	5	1	4	1	2	18	18	1	12	1	1	18	3	2	1	15	252	1	2	18000	1	24	1	8	2	8	1	1	1	720	1	8	8640	3	80	2	24	2	1	2475	22	2	2	1	8	1	6	1	2	1	10	550	1	28	1	1	3	16	4	12	4704	1	48	216	2	1	12	1	2	2	24	4	0
0	18	1	270	4	1	60	72	3	4	2	256	3	28	1	1	1	1	1	1	84	3	990	8	24	2	1	360	140	2	50	1	4	4	1	756	2	1	1368	18	144	27	12	1	144	1	144	378	6	1	1	48	1	1	882	8	1	2	1	48	2	630	972	4	72	6	1	1	72	4	1	24	1	54	1	4	1056	1	96	1	4	1	32	1	324	1	8	54	1	4	1296	4	10	30	1	30	1	1	0
0	5	36	8	1	252	1	24	1	1	3	2	1	3	1	1	18	2	2	126	1	4	528	1	1	9	600	1	2	105	1	6	1	1	30	1	168	2	1	1	12	2	1	81	1	12	63	1	16	3920	6	1	1	80	1	2	3	2400	4	3	2	1	3	14700	2	1	6	1960	1	36	6	12	1	4	84	520	1	24	1	760	8	32	1	1	3	160	1	2	8	1	40	1	6	4	2	90	1	4	0
0	20	1	2	2	1	10	28	1	10	36	1	2	1638	9	8	1	24	1	2	56	1848	1	4	48	1	4	2	14	120	3	6	7040	8	2	4	660	6	2	120	8	3	2	1	100	2	6	4	1	45	4	4	99	55	4	150	1	8	1	2	20	1	12	2	2	770	2464	1	16	1	1	3	360	1	1	6	96	1	8	36	1	22	528	3	40	2	2	2	1	165	1	4	990	1	2	9	10	2	0
0	1	4	2	144	2	1	6	12	6	2	2	30	1	30	12	1	2	20	95	1440	14	6	240	1	1	3	60	6	2	1	12	1	3168	1	1	1	16	1	2	1	8640	1	1	9	1	4	6	4	1	180	1	2	1	8	1	198	1	8	3240	1	18	144	1	2448	1	48	15	1	2	160	630	1	42	2	1	3	2	1	6	1296	1	192	84	2	1	2	45	24	18	4	2	1	24	16	1	24	1	0
0	2	12	1	8	3	32	1	4	1	520	52	12	2	1	128	5	4	1	988	1	4	2	108	4	42	8	1	2	6	1	1	54	165	30	4	4	1	80	1	72	1	4	78	10	25	1	2	3	8	210	18	2	12	1848	24	1	8	1	16	4	1	18	4	1	36	4	1	360	18	1	1	6	140	3	6	4	364	156	1	2	2652	1	4	252	2	128	1	1	2	1	105	2	1	32	4	1	16	0
0	1	16	20	1	8	1	784	1	28	1	48	9	1	2	16	20	28	72	342	15	2	1	4	1	36	1	4	17640	1	10	126	1	240	1	4	1	14	1	18	10	8	1	1	1	108	6	10	84	12	1	12	189	2	1	4	2	2	8	1	6	4	1	6	16	1	1	1	4	1	1	5	600	58800	44	1	6	1	2	6	24	1	48	1	4	22022	1	4	36	40	12	2	1	30	140	630	2	1	0
0	15	1	2	18	1	8	3	6	12	2	12	1	16	15	3	1	1	3	10	1	4	6	1	1440	1	40	1	1	12	15750	1	4	27	6	1	3	210	4	108	1	2	45	24	6	4	1	31725	1	1	18	1	1	3	84	1	405	5535	1	4	540	1	8	1	816	32	18	3	4	6	2	1	12	48	4	2	72	2	4	144	1	16	2	540	1	2	1620	9	2	1	90	105	24	6	1	4	6	2	0
0	3	2	12	512	160	1	108	4	1	1	1	4	1	28	1	4608	8	2	90	1	24	72	60	1	32	3	1	4	6960	1	2	180	1	1	12	400	1	1	3	72	4	12	1	2	1	8	1	12	16	1	8	2	228960	1	390	2	1	4	1	10	2	12	30	4	1	2	1	18720	600	3	1	1	24	1	12	2	3	1	4	48	3	1	1	13440	1	1	24	1	4	3	8	20	2	32	1	8	1	0
0	1	8	9	2	1	1632	2	8	1	64	33	204	187	1	6	120	1	4	1	3	4	1	2	3264	2	68	1020	9	2	4	270	2	4	1	4	1	160	18	1	1	15	2142	1	1	459	16	4	612	1	1	1	816	1	8	1	2	10	510	340	3	1	2	612	578	4	1	56	12	1	3	1	1	3	4080	1	1	9	240	1	1	612	4	1	3	2	1	1	30	3	1	1	8	1	2	12	1	16	0
0	2	60	1	1	6	2	1	72	1	1	3	108	1	216	24	1	162	1	12	216	1	4	1	12	1	2	3	3	24	1	8	1	264	18	3780	2	4	1	4	1	1296	4	3	3456	3	1	1	4	140	1	24	1	1	18	2	576	2	1	9	1440	6	4	6	4	18	576	2	1	60	3	1	1	3	32	2	7920	1	2	18	36	1	60	9	8	1	216	8	1	16	2	12	28	3	80	1	48	1	0
0	45	2	1	2	4	20	756	1	16	1	2	1	52	9	2	3	80	2	2	3	7980	1	30	6	912	24	12	4	1	24	1	72	1	2	175	12	1	8	1	5130	2	1	18	2	1	3420	2	8	1	2	1	252	3	1	1539	2	1	54	2	1	270	2	1	63	1	4	1	2280	1	2	5	32	6	1	3	1	4	18	1	3	2	1	90	1	40	3	2	1	6156	9	4	1	912	1	4	1	228	0
0	2	1	36	1	40	1	8	6	1	3	48	2	117	2	1	2	1	60	1	4	1	432	1	2	6	16	3	1	1	7200	2	2	120	40	36	1	12	480	20	10	1	24	1	4	18	1	30	9	4	7	360	1	16	1920	2	2	25	1	1	2	2	480	12	1	144	1	3	3	11600	160	1	2	1	48	2	1	120	1	760	1	24	4	2	8	3	64	8	96	1	1280	2	1	9	4	6	36	1	0
0	6	8	1	20	100	40	3	168	14	3150	1	2	30	2	12	1	12	210	5	12	1	4	1	576	1	12	2	12	71253	6	1	24	3	1	1	120	1	8	1	4	9	78	6	2	54	2	1	6	1	3024	1	16	1	4	1	4	6	1	6	12	1	240	1	40	1	16	12	1680	24	1	1	6	96	1	4	3	16	2	20	1134	1	1	3	77	8	2	1	1	32	1	2058	3	10	1	2	2	8	0
0	264	1	24	2	9	2	1	9	1	1	12	1	12	56	44	54	1	2	9	5280	18	2	6	6	3	72	2	1	6	1	1364	1	4	8	6	4	1	320	8	1	120	1	1	1	1	10	2	30	4	1	52734	2	48	4	30	16	1	10	140	1	6	9	2	1	18	140	1	4	1	20	2970	2	48	18	1	4	63	45	1	1	12	2	14	1	1	1	8	120	1	448	1	4	108	12	8	1	12	0
0	4	690	2	1	2	48	2	920	1196	18	10	1	24	4	3	1	4	32	1	2	1	7590	1	1	6	1	7452	54	4	2	56	2	6	8	1	1	144	2	1	4	4	160	1	8	2	2	30	1	138	3	2142	1	6	1	1	6	2	19320	1	110	2	1	90	4	3	1	4	15	2	4	1188	1	1	1	368	25	10	1	2	6	6	1265	1380	1	48	6	1	1	32	1	224	4	1	420	1	46	3	0
0	1	1	72	64	2	1	9	2	2	4	1	96	1	28	4	2	3264	288	1	4	30	1	10	108	3	2	1	24	1	2400	1	4	1	72	1	18	1	2	108	1	32	1	4536	2	1	8832	1	960	4	1	12	4	240	144	2	4	2952	1	8	228	5	6	1	2	3	40	9	6	9	1	1	360	2	6	1	2	45	1	4	2106	1	8	1	12	1	120	1848	1	14	12	2	1	12	1	100	28	2	0
0	4	2	9	6	8	2	2800	1	1	1	8	15	1	2	2250	300	3	2	3	144	1	8	1	2	2	1	8	1	54	2	1	4000	1	1	30	2	2500	3	1	10	1	100	2	1	16	1	31725	6	1	1	6	1	2	12	2	1125	164	6	1	1	1600	9	2	4	180	2	2	4	800	8	2	18	7500	3	20	2	1	126	3	1	1	4	4	1	3250	1	4	1	96	1	224	21	15	4	1	4	1	0
0	1	2	12	1	20	2496	2	2	60	120	1	2	36	2	3	3	1	1	18	1	210	12	20	16	3	4056	60	4	8	4	6	20	3	3536	1	2	1	1144	260	56	4	1	2	160	1	16	1	8	4576	3	12	21	48	40	1	4	3	48	780	4	1	30	18	1300	1	14976	1	1	6	1	45	1	1	3	5382	6	12	1	2	48	9	54	1	10	260	1	6	1	2	540	2	1	1950	6	1	30	3	0
0	24	20	2	1	2	1	280	4	1	1	3	900	1	96768	1	4	2	24	1	16	2	8	2	1	2	48	2	1	6	96	1	1	2673	4	8	4	4	16	1	1	3	1944	2	1728	30	2	1	3	2	90	1	1	6	2	80	1	6	2	1	3456	999	8	1	2	1	25	3	72	1	20	320	8	2	9	32	1	15876	135	24	2	1	4	1200	1	1	54	2	5	648	1	48	1	2	1	6	1	6	0
0	1	5	81	6	4	24	1	240	1	16	140	3	12	1	4	1440	30	1	1	6	1	24	4	20160	2	1	4	32	1	2	5	32	1	1632	1	2	1	140	4	36	8	6	1	1	196	12	21	8	1	1232	2	4	48	1	12	2	8	2	16	2	1221	1	8	12	3	14	2	5	36	1	4	1	525	2	1	300	5	5600	6	6	1	1	3	8	1274	1	24	672	1	12	1	4704	1	1	1	4	5	0
0	5	45	4	1	2	5	6	1	1	3	66	1	1	84	3	3	1	4	1653	8	6	12	1	16	18	4	1	11368	2	40	1	1	3	48	1	4	7511	1	6	1	1	10	2	14	39150	1	1	9	3	1	32712	15	1	4	1	8	120	1	2	1	1	15660	3	1	2	64	1	1	3	6496	2	12	2	1	120	1	1	3	4	1	5916	15	6	2	1	720	1	1	2	2	40	12	1	6	180	1	4	0
0	1	1	3	20	150	140	6	1	96	1	1	1	56	2	2	3	4	1944	1	8400	1	4	16	1	2	1	224	3	18	1	11160	4	168	1	6	3	48	1	4	720	24	2	1	5280	6	1	1	720	4	11520	1	8	2	2	1	120	3	88	1	12	4	1	24	1	40	1	120	1	66990	4	2	1	2	1200	1	8	3	320	1	24	1	2	6	1	60	1	1	120	1	1	3	12	4	28	1	8	1	0
0	1	4	18	496	6	4	112	9	1	6	12	9	8	1	3240	1	2	12	1	1	9765	1	2	18	372	12	4	1	4	50220	1	8	2	1	12	3906	6	1	18	2	1	9	217	9504	1	36	1	2	6	1	24	2	1	15	186	15	1	1	2	4	72	1	186	510	1	2	12	1	2	48	16	18	12	1	192	3	1	2	2356	1	16	1	360	2	2	1	1512	2	4	120	4	1	900	1	4	10	2	0
0	6	72	1	1	12	1	2	80	1	8	12	1	2	6	2	2	544	2	3040	20	1	64	96	1	2	108	1	4	21	10	4	2	20	3	48	8	1	16	1	160	2624	1	768	1	24	2	1	10	20	2	1	2	72	2	13440	1	4	36	36	2	1	137088	1	2	216	9	1	1	6	1	18	4	1	96	1	4	1	8	76	3	3	8	1	396	1	3	2	240	2	2	4	1	12	1	56	1	2	0
0	2	1	6	32	1	4	1	8	9	60	2	2	72	3	16	240	2	1	9	2	2	88	1	32	1	1	9	192	2	2	2	80	2	32	3	1	2	1520	66	1	410	2	30	1	2	792	10	252	2	6	360	165	2	1	2	2	180	1	2	18	48840	1	2	1	8	24	4	12	72	1	4	1	30	6	2	198	6	80	2	1	90	1	1	6	1	13860	1	2	36	1	160	32	1	4	2	2640	1	0
0	5	40	3	6	90	1	3	1	1	5	120	12	2	1	2	48	8	2	24	1	8	1	138	1	6	884	306	4	1	1	1	8	1	21	4	3672	408	1	4	1020	1	12	1	12	375	3	1	1	3	320	2	8	1	272	1	1428	2	8	120	2	1	4	24990	24	6	3	1	1	3	3	14	35360	2	2	12	30	5	1	6	1	1	9792	54	1	8	54	2	1	14688	2	1	1	8	1	1	1	1360	0
0	3	1	4	176	3	80	1	12	1	192	1	12	4	1	18	2	1	64	1	360	1	4	6	624	1	104	20	1	24	9	2	1	36	1	1	1	120	18	1	1	16	1	12	528	2	8	735	2	16	3	1	1	36	77	15	3	1	2	6	640	2	1	1	4	38115	72	140	280	1	9800	1	2	30	2	1	12	20	800	9	12	2	12	1	70	637	10	2	9	5	18	4	126	40	2	2	48	1	0
0	10	12	2	1	3	30	1	2	1638	1	7128	1	1	9	1	2	96	6	1	2	2520	3	2	1	5400	2	1	4212	1	2	216	6	2	1	1728	1	1	1	2808	56	1	288	1	6	1	2	36	3	1	12	36	2	2	63	1	2	2268	20	1	2	1	1	12	25704	2	5	4	1	2	1	90	1	1	36	40	1	1	6	96	1	1224	1	2	72	1	1	1	21600	1	10	1	4	6	1	2268	1	8	0
0	1	2	555	1	8	1	24	400	1	2	1	240	8	2	450	27	1	2	855	120	1	32	6	2	2	2	972	12	4	90	2	1	14652	6	2	216	4	1	4	3	15	1	4	56	15	60	1	4	444	1	40	3	8	6	80	45	1	2	12	1	40	10	210	4	1	8	1	30	28	4	2	18	7400	1	20	2	4	6	1	518	1	336	63	8	4	6	24	32	2	6216	4	1	120	28	6	1	1	0
0	114	152	2	1	30	2	2	1	4	630	4	1	6	1	1	3	204	2	1	27	2	2	230	3	4200	5	4	1	1	1	12	100	2	1	4	1	1776	9	8	1	20	16	385	1	1	1	1	1	6	56	4	2736	1	4	18	1	2	684	1	3	60	1	12	1	792	1	2	1	116	66	1	2	1	2	3	2	1	16	4	1	374	18	1	1	6	1	2	6	4	1	7182	54	1	6	1	1	20	0
0	1	1	24	24	4	40	16	1	1	1	264	273	195	4	24	2	1	360	1	2	2	1	2	12	1	30680	4	2	56	1	60	1	4	2	48	1	4	1	936	1	2	15	1	1	1	1	240	12	4	3	4	1	1404	1	1	6	12	10	15	312	2	8	1	72	1	56	7254	2	8	1	468	5	4	1872	2	40	2	24	33	504	17	1	2	108	2	1	18	2	1	36	2	1	24	2	120	4	40	0
0	2	24	2	1	18	1	1	3	2	2	24	1	1092	1	2	3200	960	3	1	2	96	9	1	1	80	6	243	12	1	243	9	2	2	2720	120	135	2	1	3	4	240	1	2	18	3	18	1	1	8	12	1	4	12	6	4	72	24	1	1	798	1	20	2	1	4	3	5	18	1	160	1	156	1	2	1	1	15	1	4	18	288	8	3600	1	8	63	240	2	20	720	2	4	1	16	1	14	3	0
0	36	1	2	6	48	20	8	3280	2	36	1	2	12	4	42	1	1	2952	4	12	1	160	6	18	1	1	1134	1	16	1	2	3	4224	2	1	4	36	160	1	100	1	2	2	1	15	1	1	24	192	1	2	3	2	1	2112	1	4	1	4	1	36	1	72	66	6	1	558	1	80	1	1	6	16	12	738	2	25830	16	2	1	4	4	1	8	1	32	1	48	2	1	2058	6	6	1	12	96	1	0
0	2	240	3	4	1	24	1	392	1	2	180	1	4	1	1890	4	2	36	10	12	144	1	2	1	48	1	4	2	10962	2	4	8064	1	20	1	1	1	4	360	1	4	1	32	4	30	60	12	1	2	32	10	1	504	1	2	36	1	6	9	4	2	6	4	1	1584	1	2	14	1	10	1	2	1	3	14	3	1	189	30	8	1	1	1	120	19110	1	16	1	144	1	16	1	40	1	2	1	8	0
0	1	1	360	1	1	1	8	10	70	8	1	4	1	1568	60	6	72	1	2	1	4	6	50	8	1	6	1	540	1	1	744	1	330	12	45	4	2	1548	1	10	72	1	1	1	144	1	4	1	16	1	6	1	2	105	2	1	8	1	1290	1	2	1	4	2	252	3	4	7740	1	3	4	48	1200	1	1	3	24	1	2	3	24	3	1080	6	1	108	1	4	99	1	2	2322	1	12	1	16	28	0
0	27	6	5	3	9	4	1	10	1	1350	1	60	2	1	10	1	8	2	8	2	567	2	1	18	1	2	24	2	4	216	1	2	12	3	1	1	4662	3	8	1	1	3	16	294	1	4	150	3	4	4	2	120	4	4	6	32	1	20	48	2	12	1	288	3	1	3	1488	30	12	1	4	1	40	1	16	1	10	8	24	1	4	5600	1	3	1	2	220	36	1	8	18	1	2	4224	3	2	1	0
0	12	1	8	12	2	6	84	8	2430	1	12	1	8	10	300	140	1	6	48	1	2	1	4140	1	56	1	4	1	72	1	4	2592	48	2	2	10	1	4	1	12	180	1	2	1	16	180	1	16	12	1	24	1	1	42	1	6	8	1	3	2	1	36	6	1	36	2	1	6720	2	1	270	6	1	3	3	44550	84	4	1	1	1	4	24	1	42	1	2	6	2	20	1	56	6	1	2	96	1	0
0	1	4	1	264	1	40	33488	1	48	2	2	315	12	2	1	1	306	8	54	2	2	27	2	1	500	18	30	6	1	18	9	1	2	9	240	1	4	1	468	1	2	240	6	24	1	1	1	1	1	288	3	8	6	48	2	8	1	960	8	6	8	1	2	1	4	42	8	2	290	12	2	9	1	10	552	1	1	1	8	150	4	28	1	24	1	3	60	2	48	24	8	15	920	4	6	1	6	0
0	4	45	4	1	648	6	1	8	16	1	352	1	1	1	16	10	4	1	2	5	1008	1	14076	3	1	2	1	1	96	1	96	2	1	2	1	10	333	8	4	1	24	2	1	12	30	1	1	56	56	4	1	1	1	8	3	56	2	1	1	504	3	12	1	3	6	15	2	1	36801	1	1	48	6	1728	1	48	4	1	108	8	1	2	36	94	130	24	5	1	1	1	4	144	15	1	4	1	48	0
0	4	1	4	2	8	1	56	2	1	12	495	2	4	8	1	10	1	180	18	12	1	3	7	26	200	1	210	1	18	2	1	864	10	1	180	8	6	2	1	60	1	12	2	36	1	6	4	72	1	12	1	1	1	1	1	6	864	1	4	1	960	1	24	1	8	1	672	4	1	24	20736	9	1	1	36	1	1	54	4	1	576	1	270	2	1	3	32	3	4	1	1372	4	2	128	6	6	2	0
0	12	2	192	54	2	1	3	112	4	196	1	72	1	1	24	1280	4	1	6	288	2	12	12	1	3	6	1	2912	1	2940	392	1	78	3	1	702	1	20	4	1	8	1	110	4	1	16	15	1	2	9	8	1	42	12	1	24	3	6	1	128	1	272	1	48	24	1	1	36	2	54880	1	104	160	12	1	1	112	6	1	2	9	3	3	70	16	588	1	2	1	3	20	1	2	1	480	4	1	0
0	2	96	2	1	6	112	2	16	1	72	1	6	12	56	1	24	3	2	1	32	1	1	1	13200	140	8	4	1	4	4	1	126	4	5	1540	10	12	3	6	112	72	1	2	9	1	1	18	24	1	4	4	12	12	1	6	36	4	1	8	1	8	12	108	1	4	6	80	1	3132	1	4	72	1	2	621	1	12	1	2464	1	2	1	4	1	2	4032	4	12	2	1320	5	2	2880	12	6	1	56	0
0	1	6	336	12	1	1	4	96	2	32	18	1	1	167790	1	2	30	1	90	1	8	60	2	8	2	1	7614	1	69513	658	8	1	1	3	16	1	35	1	1	1	8	100	6	8	1	36	2	1	384	3	1	1	6	1	2	1	1968	1	2	54	1	2	1	6	1	1	6	2	270	8	1	2	10	16	54	36	2	9180	5	60	2	1	2	32	2	12	1	1200	1	1	6	288	9	2	1	72	1	0
0	144	1	20	1	32	2	240	1	16	6	1	1	40	3	1	2	1224	8	1	216	16	2	1	4	4	720	1	6	3	4	1	4	2	2	1	20	259	1	4	6	1	1	3	21	585	1	2	2	2	20	4	1	4	6	11	24	1	72	1	4	12	4	2	924	10	40	3	12	1	12	34776	24	1	2	12	4	1	12	6	1	1224	3	48	1	1	51	44	1	8	16	1	1	6	420	2	2	30	0
0	3	2	1	64	3	6	5	64	1	1	12	192	3	4	24	6	1	90	6	4	1	314820	8	1	36	4	1	144	8	1	3720	9	1	2	126	1	12	3	36	30	2	30	1	4	1	4	180	9	1	1	88	3	4	8	16	2	64	1	4	1	24	1	15	4	1	1	1	7200	1	1	81	3	6	3888	1	1	27	2	1	1512	1	70	1	2	8	3	605	64	1	2	12	24	1	2	12	12	1	0
0	1	48	1	4	1	16	1	352	504	20	1	1	1	1	5	160	1	10	16	2	1	6	1	12	1	1	144	1	1	18	1	480	12	1	2	18	74	40	1	1	12	8	30	2	1	36	4	1	4	48	2	120	1	18	1	1	6	48	8	4	5	176	33	4	1	3240	1	20	2	24640	6	1	1	6	15	54	2	5280	4	1	2	80	6	6160	40	1	8	1	132	4	1	54	12	1	30	2	12	0
0	15	8	1	924	1	1	3	1	20	1	147	4	1	168	150	6	1	4	1	16	3	60	21	40	4	2	1	448	80	3	2	2	9	16320	2	5	1	4	300	1	18	1	2	90	30	18	1	1	36	4	1	21	30	1	4	4	1	585	8	1	1	12	4	1	12	1	3906	4	1	15	4	1	1	1	460	1	2	18	3	4	3	128	2	1	12	1	1	12	14	1	42	258	1	48	2	1	2	0
0	1	6	1	2	810	12	2	1	1	8	18	6	3	6	30	42	336	1	32	168	56	1	12	1	1	24	28	8	3	5250	1	1	6	3	1	1	814	32	1	4	1	8	24	2	1	3	24	42	20	1	4	9	1	1	3	2	2	3	1200	18	8	1	24	2	1	2	2	1	73080	14	4	6	10	72	1	2	92610	2	60	12	714	6	1	2	24	3	16	1	180	54	1	2	234	1	1	252	1	0
0	3	64	40	40	2	112	1	30	12	2	198	140	40	1	4	1	5	36	6	1	2	12	1	336	48	2	1	4	1	2	28	118080	1	2	4	1	5	72	4	1	2	80	1	1	10	4	1	2	1	672	6	1	8	1	8	1	2296	1	2	120	1	2	1	20	5740	2	620	2	1	3	16	1	32	1	8	1782	6	1	6	1	1	3	252	1	208	1	2	12	6	2	1	6	1	405	6	4	30	0
0	1	1	3	2	1	2	140	6	2	1	3	2	1	420	9600	1	18	1	1	12	4	12	144	2	1	108	30	1	2	18	55800	2	36	1	4	1	4	2	1	5760	9	12	2	48	1	36	4	1	16	6	1	2	36	2	1	54	1	2	60	1	8	1	12	40800	3	1	1	12	10	16	1	1248	5	32	2	1	6	1176	2	2	42	20	1	88	3640	6	16	1	1	3	378	18	10	1	9	4	1	0
0	1	1	6	1	60	12	1	2	18	270	14	4	2	1	1	24	1	2700	15	4	2	1	2	12	36	1	12	1	1160	1	80	1	1	72	1	1	9	1	64	2	2	4	3612	1	1	15	24	1	88	1	4	9	48	1	4	15	6	18	3	2	5850	12	1	1	3	100	6	14040	6	1	16	2	1	6	21528	1	6	10	1	1	2	1	9360	2	5	126	6	2	4	18	2	12	2	4	60	1	16	0
0	3040	18	1	4	2	1	2	56	1	4	297	12	1	4	6	64	1	1	1	36	4	3960	1	2	10000	1	1	36	12	2	4	36	1	1	70	40	1	16416	1	6	1	2	9	8	1	4	1	4	2	2	12	4	1	12	1	432	1	4	2	2280	2	12	1	1	75	2	2	2	56	1	4	8	1	8	1	924	2	1	6	576	1	28	1	2	1	8	1	18	140	2	1	12	1	480	1	8	1	0
0	5	1184	24	1	1	48	3	1	2	1	5	6	36	1	2	160	18	2	8	1	4	1	36	58608	15	1	1	6	1	600	1	1	9	4	56980	1	1	1	2664	3	3	72	1	8	1	2	2	16	1	128	6	1	12	96	440	4	1	1	1	24	1	1	27	2	1	26048	1	48	21	2	1	312	1	1	6	2	1	240	1	2	9	1	1	216	1	1	12	300	25	11	777	2	8	1	24	10	2	0
0	1	1	1	60	3	6	90	10	3	5400	1	8	2	8	240	1	2	12	2	960	2	8	1	128	2	20	3	4	4	1	4	48	46332	1	14	7020	30	8	2	2	120	2	2	168	10	1	27	1	4	216	1	196	1	4	1	12	5	3	896	3	9	128	2	48	1	72	44640	1	1	72	36	8	1	1296	1	3168	102	1	48	144	1	24	15	1	6	4	1	6	4	2880	20	1	1	1	30	6	1	0
0	2	24	1	4	140	9	1	2	5670	1	60	1	2	12	1	80	4	1	1	3	2016	8	2	9	1	2	150	3360	1	8	1	8	175	76160	5	6	1	1	15	1	1	240	24	1	1	3	175	1225	4	1	1	1	1800	1	24	2	2	1	16	1	1	6	1	4	6	4	992	8	2	16	1	4	15	3	4	12	1	8	3	16	1	8960	600	2	1	12	8	4	3	1	1	240	112	1	4	1	700	0
0	1	2	1	8	1	24	8	48	1	18	1	1260	27	1	4	6	20	90	8	4	6	1	216	1	13600	3	1	1	1360	3	480	2	1	48	1	1	6	8	24	30	1230	1	2	1	4	750	1	1	12	2	55	4	1	792	2	1	18	5	1	2	2	2	1750	1	12	2	8	2	1	2	24	1	18	1	2	66	1	32	1	2	3	24	2	4	144	1	66	1020	1	2	8	3	1	1	210	2	2	0
0	2	1	576	15	8	1	1	1	12	1	308	4	1	48	1	2	1	18	363	9	3	1	1	6	2	1	2	1	9	480	1	2112	1	1	3	420	2	8	1	4	1	4	28	1	7020	4	40	12	2	1	198	3	28	4	1	12	2	6	2	3465	6	1	38115	6	1320	1	2	18	12	2	3	8	4	1	6	32	3	1	1	4752	476	1	24	1	1	144	1	280	1	60	1	6	1	1	5	6	1	0
0	5	220	1	2816	1	18	2	2	42	9	2	1	6	2	2	56	1	1152	1	512	3	1	1	2048	6	1	2	26880	108	1	4	1	30	2	18	2	1	2280	2	8	2	2	840	12	4	1	1	3	128	2	8	1	8	1	1920	576	1	4	14976	1	40	8	1	6	2	2	9	3	1	2	120	3328	1	120	1	2	1	8	10640	6	1	56	2	1	16	1	20	1	10080	1	1	378	3	24	1	2	2	0
0	2	4	558	1	16	42	1	72	1	1	682	21	12	1	4	1	24	1	56	1	504	1	6	2	48	36	4	12	2	13020	3	1	1	12	1	12	50468	1	24	1	1488	2	2	1	1984	4	1	96	1	30	1	4	496	264	2	36	8	1	30	12	1	1	6	90	3	40	72	90	1	24	4	6	93000	1	2	4092	2	6	1	1	6	1	24	1	2	12	363	6	2	120	15	2	16	1	4	3	8	0
0	1	2	126	2	1	1	64	1	540	1	8	24	56	20	48	6	1440	4	1	30	1	15	144	1	12	1	945	1	1	3	1	30	1	3400	5	2	4	11400	1	6	1	1	90	4	1	24	1	2	2	42	4	4860	4	4	1	1	3	6240	2	1	72	4	1080	10	2	2	4	1	1440	5040	2	2	450	2	54	2	1	48	18	1	2	36	1	8	168	1	44	2	1	120	3	2	1	3840	1	1	1	0
0	270	32	4	24	2	150	1	4	3	9	1	2	3	4	1	2	1	486	4	3	420	1	2	4	2	290	35	2	36	1	1	360	1	2	28420	1	2	6	24	2	6	7308	29	406	2	2320	4	4	3	2	1	8	2	20416	2	8	4	1	480	12	1	2	32	2	1	15	1	4	1	1	28188	1	1	1	4	40	4	1	4	96	24	2	2	396	1	408	2	1	36	3	1	24	3016	1	60	2	28	0
0	12	4	1	2	6860	1	32	1	8	4	4	672	56	30	1	1	36	1	180	1	1	1	12	2	1	6	1	1260	1	12	26040	14	1	6	1	150	1	2	84	3	1	8	6	2	2	196	30	1	135828	1	80	2	1	2	192	3	48	20160	6	1	4	1792	3	672	30	1	6	10080	4	8	1	8	1	48	1	60	1	24	1	2	3	192	12	1	20	112	22	27	8	2	720	1	20	4	2	3920	1	0
0	3	1	1	16	1	3	126	864	2	1	2	1	5	1	1	640	4	1	18	1	4536	8	6	40	2592	1	4	6	2	1	54	2	5	6	6	1	4	12	2	12	4	1	860	1	96	4	2	40	1	1620	1	16	2	8	2	1	2	8	1	2280	1	1	6	16	1	80	14	6	1	1	2	1	3	8505	36	9	2	1	12825	8	168	15	1	16	1	2	1782	1	4	1	8	6	2	1	1296	1	4	0
0	1	54	1	1	6	1	21	1	1	6	24	1	2	6	1560	156	1	6	2	24	1	48048	1	1	54	2	16	1	294	30	1	2	378	1	52	144	1430	3	1	2	96	1	2	12	1	4	1	11	20	1	8	16	70	1	12	1	2	12	3	6916	8	72	1	1	3	4	1	72	2	64	6	1	16	1	12	2	2	58240	3	1	1	6	30	1	4	54	1	2	54	24	7	1	4	24	1	6	3	0
0	18	2	20	72	2	1	1050	4	3	108	1	6	2	336	4	1	90	1	1	105	6	200	56925	2	1	30	1	30	1	1	18	4	1	38250	7	4	1	4	2	6	1	1	1800	3	1	4	300	18	1	8	1	12	1	48	1	900	6	1	144	1	2	1	60	6	2400	1	9300	4	1	150	4	9100	50	1	1	1	1	5	8	2	4	1	37500	40	1	6	1	4	45	3	4	378	1	2	18	1	2	0
0	3	1	2	3	60	4032	2	1	24	16	105	16	1	1680	4	2	1	2	1920	1	8	1	20	1	6	1	1	10	3	180	15	3	8	1	2	5184	2	6	288	960	4	40	1	140	3	6	1	2	30	1	84	1	96	6	2	1	48	2	2	2	21312	6	4	1	192	10	12	1	8	3	8	24	1728	3	16560	18	8	3	1	2	9	2240	4	1	2	1	495	1	24	2	4	1	8	1	1296	2	1	0
0	12	3	1288	8	2	4	96	2	2	1	64	1	8	2	30	18	2	60	1	16	1	4	345	16	6	6	6	9660	1	2	195	2	1	2	4	10	3	4	1	8	1	4	1	1716	4	1150	6	1	1	18	2	1	6	1	2	10	598	1	3588	12	2	240	1	2	1	12	115	3	609	1	1	9	4	120	1	150	1	2	180	8	8	6	3	690	2093	828	8	1	1	1	32	1	150	12	1	690	3	0
0	11	5	1	1	1	1	5	14	3	1	2	198	2	1	90	2	4	18	1	1	90	3	8	1	20	1	41580	3	2	1	96	1	16	1	8	1	160	1	1	3	48	2	48	2	26730	1	6	72	1	2	6	704	1	88	5676	44	3	84	1	4	1	4	2	216	1	2	27	480	1	2	324	1	1	2	1	10	1	264	1	2	1	7	1	2	1	6	1	1	396	3	1	54	1	1	12	1	140	0
0	21	154	3	4	9	8	16	1	21	12	1	4	6	630	3	1	1	3	120	14	1	2	1	2	1	1	8	2	290	11340	1	56	1	4	1	36	1	24	1	12	2	210	10	1	4	2	30	1	10290	16	5922	1	8	1	60	10	2	24	6	20	111	18	4	1	1	3	4	72	2	60	1	2	4	1	15	12	3	4	1	36288	12	2	1	24	2	1	540	4	12	1	4	630	6	360	2	2	3	0
0	1	1	1	48	2	1	6	8	1800	400	6	1	1	6	30	6	40	16200	24	3	2	1	1200	6	1	15	80	1	1	1	8	28800	18	5	4	3	15	2	1	240	1	16	1	10560	6	2	1	8000	1	1	120	40	1	4	12	5	1	2	2	1	400	2	120	2	8	3	1	10	522	1	48	96	1	180	6	1	64	1	600	1	238	24	8	1	18	24	1	2	1	1600	1120	2	4	6	1	4	1	0
0	1	72	1	4	2	8	1	288	8	1	55	1026	4	1	18	1	8	96	1	2	1	144	3	2304	6	20	1	16	15428	6	3	5	1596	84	1	6	16	1	120	1	48	1	12	9	96	1	8	1	1216	12	2	1	6	9	1	6	288	16	1	24	15	1	1	1140	5	15	6	1	145	1	12	1	1520	1	8	1	1292	399	1	4	57	1520	30	48	4	1	16	2100	2	5	6	1	1	9	6	4	2	0
0	1	2	30	1	1800	1	1	1	12	14	33	1	2	18	1	32	1	6	3	112	12	1	2	24	1	6	162	8	1	6	13950	1	4	4	126	450	1	6	2	16	540	2	4	1	4	15	2592	6	1	1	6	4	24	1	2160	1	1	1	36	270	1	12	540	4	2	2	1	360	522	2	1	12	1	16	1	2310	1	8	18	252	2	6	90	1	2	180	1	2	432	4	1	6	320	6	2	1	288	0
0	12	4	1	2040	1	56	6	102	2	3	374	4	374	2	255	1	2	12	1	5100	680	6	1	1	864	1	4	9	2	10	12	4	408	1	12	30	2	3648	1	1	12	1	1	6	48	1	1	18	2	13056	1	1	1	24	1	2	30	6	1	1	6	10	2	6	1	87040	1	2	1	96	2	6	12	1	36	5	6	1	1	3	288	1	1	6	1248	2	2	6	1	1	24	16	6	2	1	16	1	0
0	1	480	168	1	8	2	40	3	1	1	108	1	1	6	1	2048	3	1	1	16	3	192	9	14976	3	1	1	3	240	1	12	1	32	3	2	1	117	1	4	6	5	30	5	9	4	1	24	2304	1	2	48	2	32	288	2	10	5904	1	4	36	1	12	1	4	36	1	18	2	12	1	72	1	32	192	552	1	132	2	6	96	1	6	54	2	1	6	1	528	288	8	2	6	1	200	24	1	14	0
0	1	9	1	2	9	2	1	16	270	1	2	72	2	1680	6	1	8	288	18	1	1	3	16	1	12	3	3645	1	2	945	1	8	1	4	1	36	2220	12	2	54	4	1	3	420	1	48	1	28	2	4	1	12	2	1	315	8	1	5880	24	4	1	17280	6	1	45	4	2	405	1	8	15	1	4	2	2	4950	1	2	1	2	40	1	1	1	32	2	10890	1	3	1	1	15	9	1	3	24	1	0
0	126	1	4	27	4	2	1568	9	1	6	120	1	4	1	24	4	2	3	342	112	1	32	1	8	3150	20	1	1680	6	1	1	120	4	32	27	1	2	2660	1	1	1	32	40	98	8	1	1	1	50	4	392	1	2520	1	1	3	16	2	84	1	20	2	8	168	1	4	1	24	1	2	2646	6	1	18	1	2	12	200	1	12	27	1	4	15	2	1	24	1	4	810	2	2	168	8	2	6	3	0
0	2	1	9	1	2	72	4	1	72	2	1	2	16	6	36	1	1	2340	8	1	16	3	70	3	1	2	120	1	1	3	60	2	1	2	1	10	20	2	12168	4	4	3	1118	1	8268	2	3	6	4	1	26	2	4	18	1	8	351	2	1	117	6	1	24	1	2	9	864	1	6	40	1	6	2	4	7176	2	1	10	6	1	8	3	1040	12	1352	8	1	18	24	1	1638	1	8	156	1	2	1	0
0	1	6	1	2	360	72	1	2	6	1	8	72	9	2	1	192	11424	30	1	24	1	2	5	70	1	15912	1	6	1260	9	2	1	24	840	1	330	8	3	1	1	20	1	8	1	4	5	220	115200	48	1	1	6	20	2	1	2	1	60	4	1	6	5184	1	6	4	1	2	1	20	4	4	2	4	120	3	24	24	16	9	2	1	5376	1	2	21	1	16	2	18	4	1	540	1	2	36	1	1	0
0	1	4	1	24	2	8	2	42	594	162	1	27	1	2	24	1	12	1	2508	1	24	1	32	4	24	1	88	1	22	1	216	2	3	3	144	4	1	12	1	8	1230	2	1	36	1	616	12	4	1	27	2	1	35	8	12	16	2	80	4	3	1	1	8	1	28	2	4	1	16	1	432	2	1	18	2	4	1	2	1	693	1122	1	1	96	8	36	3	1	1	3	90	528	1	4	1	96	6	0
0	2	1	3	48	1	2	420	3	2	1	18	1	2	42	1	16	1	2	1	800	1	32	1	4	1	2080	14	2	4	96	24	2	1	48	2	1	370	160	90	1	1	24	60	1	84	2	6	1	1	40	6	2800	1	4	1	16	1	60	24	3	180	6	120	1	200	1	1860	80	1	4	9	15	10	1	1	1	4	4000	4	1	102	10	1	1	12	2	20	30	2	16	1	8	3	8	1	2	1	0
0	1	24	8	2	4	180	1	6	12	1	50	1	1872	1	56	9	2	3	42	1	1	14	276	4	24	4	1	525	1	4	2	2	1	6	2835	135	1	2	9	24	30	18	1	360	2	1	36	6	3	12	1	8	1	1760	4	1	4	2	1	672	3	1	2	36	4	5	12	1	1044	1	1	1	24	1	6	9	6	1	180	2	1	3	8	210	2	1	54	1	4	1080	1	1	84	12	1	4	84	0
0	1	2	2	1	5	8	1	1	1	12	11	144	1	168	2	1	288	4	3	12	16632	1	24	3	1	1	12	1	72	1	1	132	28	12	1	1	592	10	2	2	1	8	30	2	48	4	1	192	4	10	4	1	12	1	15	1024	3	7	4	1	210	4	1	13056	2	3	3	128	1	120	1	8	1	16	10	4224	6	1	1	27	50	2	1	24	1	400	8	64	576	1	2	36	2	20	48	12	1	0
0	84	1	4	2	150	1	12	1	4	5	2772	1	16	1	392	2	32	1	1	6	8	168	1	840	140	18	1	24	1	36	2	6	1	2	140	10	2072	21	1	2	4	1	2	1	112	1	490	1	2	42	6	30	4	490	1	12	1	6	9555	16	1	315	84	2	8	1	2170	2	28	1	6	1	8	8	3	2	1	48	32	1	2	1	2520	6	6	1	1	9	2	252	4	1	1	1	8	1	28	0
0	1	8	1	96	4	18	4	6	45	4	2	864	1	16	1	48	1	180	1	1	3	1	3726	1	40	1	2	1	48	1	2	36	2	48	1	6	4	1	18	2160	126	6	1	24	18	2	2	420	120	3	1	4	1125	5	15	3	1	1	8	3	1	1	60	1	1	1	36	1	1	5040	12	3	2	1	48	6	10	2	1	4	24	1440	1	2	16	1	84	1	1	3	4	1	4	28	4	336	1	0
0	2	1	12	6	1	1	350	1	8	1	1	3	400	3	1	1	3	180	9	90	12	1	135	1	2	30	2	3	1	1	15	1600	1	1	18	6	1	16	1	4	3	50	45	2	1	378	1	1	1	12	3	1	11925	2	40	1	72	2	1	3	72	2	1	27	8250	4	50	2	12	4	1	25	4	12	4	1	45	1	2	486	2	60	4	8	1	1	1	1	10	2	1	120	24	2	1	3	300	0
0	24	1	432	1	8	48	1	56	10	2	3	2	4	672	6	4	18	1	1	36	1	6	36	2	1	288	1	1120	8	48	2	1	3	96	4	1	6	1344	48	2	1	12	2	1	72	1	4	12	2	16	1	84	2	1	2	1	2	18	126	1	1	144	1	4	3	1512	1	32	1	2	1	9984	3	2	1	6	8	1	30	1	1	6	1	400	8	8	1	6	16	24	2	2	1	320	4	2	1	0
0	2	72	1	72	1	2	6	1	1	6	1	216	2	546	4	1	84	4	1	12	4	1	2	84	12	1	91	6	2	750	1	4	2	24	1	4	24	2	1	48	1	1	1	24	2	1	3	16	30	4	1	1	1	15	50	120	2	4	1	16	20	1	24	1	8	150	2	90	2	4	3240	1	12	12	6	36	1	24	24	2	10	27	8	1	1170	5	220	3	8	1	2	1	8	2	1	4	2	0
0	1	1	1	8	160	4	6	4	16	126	1	8	1	2	1	16	7	6	14	420	36	1	2	2	1	2	42	1	2	60	90	18	1	1	9	400	1	8	1	4	4	6	6	64	4	72	25	3	1	2	15	180	3	2	30	1	24	1	8	280	1	16	1	1632	1	4	12	1	12	480	1	2	18	1	4	24	2	4	2	60	6	1	4	588	1	2	2	1	4	2	18	2	126	2	36	1	4	0
0	2	2	72	1	1	1	4	2	1	2	32	1	4	1	8	1	51	1	2	40	1	36	3	2	120	1	2	6	6	2	1	3	231	9	2	1	126	1	1	3	12	1	1	21	1	1	36	2	40	1	24	1	16	20	1	2	3	108	1	2	777	1	20	1	528	1	1	12	1	34	2	24	2	1	2	8	1	8	1	1	1	24	2	1	6	1	102	1	2	24	36	1	2	12	1	8	1	0
0	0	0	0	0	0	0	0	0	0	0	0	0	0	0	0	0	0	0	0	0	0	0	0	0	0	0	0	0	0	0	0	0	0	0	0	0	0	0	0	0	0	0	0	0	0	0	0	0	0	0	0	0	0	0	0	0	0	0	0	0	0	0	0	0	0	0	0	0	0	0	0	0	0	0	0	0	0	0	0	0	0	0	0	0	0	0	0	0	0	0	0	0	0	0	0	0	0	0
